%YAML:1.0
---
camera_matrix: !!opencv-matrix
   rows: 3
   cols: 3
   dt: d
   data: [ 291.86670665479426, 0., 331.47836810541503, 0.,
       296.49501526090523, 235.30595689702255, 0., 0., 1. ]
dist_coeffs: !!opencv-matrix
   rows: 4
   cols: 1
   dt: d
   data: [ -0.12483015817085785, -0.40106623344236253,
       1.1753966601272237, -0.72967841899947883 ]
resolution: !!opencv-matrix
   rows: 2
   cols: 1
   dt: i
   data: [ 640, 480 ]
project_matrix: !!opencv-matrix
   rows: 3
   cols: 3
   dt: d
   data: [ -2.2028514918579933, -3.7841943281348667, 942.76748564337595,
       -0.1137086538757112, -5.6672558851508796, 1326.1976591985867,
       3.2733282435082618e-05, -0.013732065568011884, 1. ]
scale_xy: !!opencv-matrix
   rows: 2
   cols: 1
   dt: f
   data: [ 0.910000026, 0.910000026 ]
shift_xy: !!opencv-matrix
   rows: 2
   cols: 1
   dt: f
   data: [ -27., -18. ]
