%YAML:1.0
---
camera_matrix: !!opencv-matrix
   rows: 3
   cols: 3
   dt: d
   data: [ 291.86670665479426, 0., 331.47836810541503, 0.,
       296.49501526090523, 235.30595689702255, 0., 0., 1. ]
dist_coeffs: !!opencv-matrix
   rows: 4
   cols: 1
   dt: d
   data: [ -0.12483015817085785, -0.40106623344236253,
       1.1753966601272237, -0.72967841899947883 ]
resolution: !!opencv-matrix
   rows: 2
   cols: 1
   dt: i
   data: [ 640, 480 ]
project_matrix: !!opencv-matrix
   rows: 3
   cols: 3
   dt: d
   data: [ -1.3472134111293221, -2.3518121028666128, 708.94462960369935,
       -0.12847391928392915, -3.3256288158493139, 907.87832448926338,
       -0.00020156869003519416, -0.0081761945877392959, 1. ]
scale_xy: !!opencv-matrix
   rows: 2
   cols: 1
   dt: f
   data: [ 0.879999995, 0.879999995 ]
shift_xy: !!opencv-matrix
   rows: 2
   cols: 1
   dt: f
   data: [ -17., 10. ]
