%YAML:1.0
---
camera_matrix: !!opencv-matrix
   rows: 3
   cols: 3
   dt: d
   data: [ 291.86670665479426, 0., 331.47836810541503, 0.,
       296.49501526090523, 235.30595689702255, 0., 0., 1. ]
dist_coeffs: !!opencv-matrix
   rows: 4
   cols: 1
   dt: d
   data: [ -0.12483015817085785, -0.40106623344236253,
       1.1753966601272237, -0.72967841899947883 ]
resolution: !!opencv-matrix
   rows: 2
   cols: 1
   dt: i
   data: [ 640, 480 ]
project_matrix: !!opencv-matrix
   rows: 3
   cols: 3
   dt: d
   data: [ -5.4352810244608154, -8.3772030364395942, 1807.6413635654378,
       -0.32286462951268086, -8.8178719740784022, 2003.8036704582537,
       -0.0017327043863583217, -0.02031735497028675, 1. ]
scale_xy: !!opencv-matrix
   rows: 2
   cols: 1
   dt: f
   data: [ 0.75999999, 0.779999971 ]
shift_xy: !!opencv-matrix
   rows: 2
   cols: 1
   dt: f
   data: [ -24., 9. ]
